00010000000000000000000000000010
01000000000000000000000000000101
10010001000110000000000000000000
01000000000000000000000000000111
10000001001000000000000000000000
01000000000000000000000000001001
10000001001000000000000000001000
01000000000000000000000000001001
10000001001000000000000000010000
01000000000000000000000000001001
10000001001000000000000000011000
01000000000000000000000000001001
10000001001000000000000000100000
01000000000000000000000000001001
10000001001000000000000000101000
01000000000000000000000000001001
10000001001000000000000000110000
01000000000000000000000000001001
10000001001000000000000000111000
01000000000000000000000000001001
10000001001000000000000001000000
01000000000000000000000000001001
10000001001000000000000001001000
01000000000000000000000000001001
10000001001000000000000001010000
01000000000000000000000000001001
10000001001000000000000001011000
01000000000000000000000000001001
10000001001000000000000001100000
01000000000000000000000000001001
10000001001000000000000001101000
01000000000000000000000000001001
10000001001000000000000001110000
01000000000000000000000000001001
10000001001000000000000001111000
01000000000000000000000000001001
10000001001000000000000010000000
01000000000000000000000000001001
10000001001000000000000010001000
01000000000000000000000000001001
10000001001000000000000010010000
01000000000000000000000000001001
10000001001000000000000010011000
01000000000000000000000000001001
10000001001000000000000010100000
01000000000000000000000000001001
10000001001000000000000010101000
01000000000000000000000000001001
10000001001000000000000010110000
01000000000000000000000000001001
10000001001000000000000010111000
01000000000000000000000000001001
10000001001000000000000011000000
01000000000000000000000000001001
10000001001000000000000011001000
01000000000000000000000000001001
10000001001000000000000011010000
01000000000000000000000000001001
10000001001000000000000011011000
01000000000000000000000000001001
10000001001000000000000011100000
01000000000000000000000000001001
10000001001000000000000011101000
01000000000000000000000000001001
10000001001000000000000011110000
01000000000000000000000000001001
10000001001000000000000011111000
01000000000000000000000000001001
10000001001000000000000100000000
01000000000000000000000000001001
10000001001000000000000100001000
01000000000000000000000000001001
10000001001000000000000100010000
01000000000000000000000000001001
10000001001000000000000100011000
01000000000000000000000000001001
10000001001000000000000100100000
01000000000000000000000000001001
10000001001000000000000100101000
01000000000000000000000000001001
10000001001000000000000100110000
01000000000000000000000000001001
10000001001000000000000100111000
01000000000000000000000000001001
10000001001000000000000101000000
01000000000000000000000000001001
10000001001000000000000101001000
01000000000000000000000000001001
10000001001000000000000101010000
01000000000000000000000000001001
10000001001000000000000101011000
01000000000000000000000000001001
10000001001000000000000101100000
01000000000000000000000000001001
10000001001000000000000101101000
01000000000000000000000000001001
10000001001000000000000101110000
01000000000000000000000000001001
10000001001000000000000101111000
01000000000000000000000000001001
10000001001000000000000110000000
01000000000000000000000000001001
10000001001000000000000110001000
01000000000000000000000000001001
10000001001000000000000110010000
01000000000000000000000000001001
10000001001000000000000110011000
01000000000000000000000000001001
10000001001000000000000110100000
01000000000000000000000000001001
10000001001000000000000110101000
01000000000000000000000000001001
10000001001000000000000110110000
01000000000000000000000000001001
10000001001000000000000110111000
01000000000000000000000000001001
10000001001000000000000111000000
01000000000000000000000000001001
10000001001000000000000111001000
01000000000000000000000000001001
10000001001000000000000111010000
01000000000000000000000000001001
10000001001000000000000111011000
01000000000000000000000000001001
10000001001000000000000111100000
01000000000000000000000000001001
10000001001000000000000111101000
01000000000000000000000000001001
10000001001000000000000111110000
01000000000000000000000000001001
10000001001000000000000111111000
01000000000000000000000000001001
10000001001000000000001000000000
01000000000000000000000000001001
10000001001000000000001000001000
01000000000000000000000000001001
10000001001000000000001000010000
01000000000000000000000000001001
10000001001000000000001000011000
01000000000000000000000000001001
10000001001000000000001000100000
01000000000000000000000000001001
10000001001000000000001000101000
01000000000000000000000000001001
10000001001000000000001000110000
01000000000000000000000000001001
10000001001000000000001000111000
01000000000000000000000000001001
10000001001000000000001001000000
01000000000000000000000000001001
10000001001000000000001001001000
01000000000000000000000000001001
10000001001000000000001001010000
01000000000000000000000000001001
10000001001000000000001001011000
01000000000000000000000000001001
10000001001000000000001001100000
01000000000000000000000000001001
10000001001000000000001001101000
01000000000000000000000000001001
10000001001000000000001001110000
01000000000000000000000000001001
10000001001000000000001001111000
01000000000000000000000000001001
10000001001000000000001010000000
01000000000000000000000000001001
10000001001000000000001010001000
01000000000000000000000000001001
10000001001000000000001010010000
01000000000000000000000000001001
10000001001000000000001010011000
01000000000000000000000000001001
10000001001000000000001010100000
01000000000000000000000000001001
10000001001000000000001010101000
01000000000000000000000000001001
10000001001000000000001010110000
01000000000000000000000000001001
10000001001000000000001010111000
01000000000000000000000000001001
10000001001000000000001011000000
01000000000000000000000000001001
10000001001000000000001011001000
01000000000000000000000000001001
10000001001000000000001011010000
01000000000000000000000000001001
10000001001000000000001011011000
01000000000000000000000000001001
10000001001000000000001011100000
01000000000000000000000000001001
10000001001000000000001011101000
01000000000000000000000000001001
10000001001000000000001011110000
01000000000000000000000000001001
10000001001000000000001011111000
01000000000000000000000000001001
10000001001000000000001100000000
01000000000000000000000000001001
10000001001000000000001100001000
01000000000000000000000000001001
10000001001000000000001100010000
01000000000000000000000000001001
10000001001000000000001100011000
01000000000000000000000000001001
10000001001000000000001100100000
01000000000000000000000000001001
10000001001000000000001100101000
01000000000000000000000000001001
10000001001000000000001100110000
01000000000000000000000000001001
10000001001000000000001100111000
01000000000000000000000000001001
10000001001000000000001101000000
01000000000000000000000000001001
10000001001000000000001101001000
01000000000000000000000000001001
10000001001000000000001101010000
01000000000000000000000000001001
10000001001000000000001101011000
01000000000000000000000000001001
10000001001000000000001101100000
01000000000000000000000000001001
10000001001000000000001101101000
01000000000000000000000000001001
10000001001000000000001101110000
01000000000000000000000000001001
10000001001000000000001101111000
01000000000000000000000000001001
10000001001000000000001110000000
01000000000000000000000000001001
10000001001000000000001110001000
01000000000000000000000000001001
10000001001000000000001110010000
01000000000000000000000000001001
10000001001000000000001110011000
01000000000000000000000000001001
10000001001000000000001110100000
01000000000000000000000000001001
10000001001000000000001110101000
01000000000000000000000000001001
10000001001000000000001110110000
01000000000000000000000000001001
10000001001000000000001110111000
01000000000000000000000000001001
10000001001000000000001111000000
01000000000000000000000000001001
10000001001000000000001111001000
01000000000000000000000000001001
10000001001000000000001111010000
01000000000000000000000000001001
10000001001000000000001111011000
01000000000000000000000000001001
10000001001000000000001111100000
01000000000000000000000000001001
10000001001000000000001111101000
01000000000000000000000000001001
10000001001000000000001111110000
01000000000000000000000000001001
10000001001000000000001111111000
01000000000000000000000000001001
10010001000100000000000000000000
01000000000000000000000000000111
00010000000000000000000000000000
01000000000000000000000000000101
00000000000000000000000000000000